Problem_Dim: 10, Time: 30, Op timizer: DE, Popsize: 100, Iters: 9999999

F1_CEC2022
[47785.171875, 0.0, 0.0, 0.0, 0.0, 0.0, 0.0, 0.0, 0.0, 0.0, 0.0, 0.0, 0.0, 0.0, 0.0, 0.0, 0.0, 0.0, 0.0, 0.0, 0.0, 0.0, 0.0, 0.0, 0.0, 0.0, 0.0, 0.0, 0.0, 0.0, 0.0, 0.0, 0.0, 0.0, 0.0, 0.0, 0.0, 0.0, 0.0, 0.0, 0.0, 0.0, 0.0, 0.0, 0.0, 0.0, 0.0, 0.0, 0.0, 0.0, 0.0, 0.0, 0.0, 0.0, 0.0, 0.0, 0.0, 0.0, 0.0, 0.0, 0.0, 0.0, 0.0, 0.0, 0.0, 0.0, 0.0, 0.0, 0.0, 0.0, 0.0, 0.0, 0.0, 0.0, 0.0, 0.0, 0.0, 0.0, 0.0, 0.0, 0.0, 0.0, 0.0, 0.0, 0.0, 0.0, 0.0, 0.0, 0.0, 0.0, 0.0, 0.0, 0.0, 0.0, 0.0, 0.0, 0.0, 0.0, 0.0, 0.0]

F2_CEC2022
[887.8240966796875, 3.9865782260894775, 3.9865782260894775, 3.9865782260894775, 3.9865782260894775, 3.9865782260894775, 3.9865782260894775, 3.9865782260894775, 3.9865782260894775, 3.9865782260894775, 3.9865782260894775, 3.9865782260894775, 3.9865782260894775, 3.9865782260894775, 3.9865782260894775, 3.9865782260894775, 3.9865782260894775, 3.9865782260894775, 3.9865782260894775, 3.9865782260894775, 3.9865782260894775, 3.9865782260894775, 3.9865782260894775, 3.9865782260894775, 3.9865782260894775, 3.9865782260894775, 3.9865782260894775, 3.9865782260894775, 3.9865782260894775, 3.9865782260894775, 3.9865782260894775, 3.9865782260894775, 3.9865782260894775, 3.9865782260894775, 3.9865782260894775, 3.9865782260894775, 3.9865782260894775, 3.9865782260894775, 3.9865782260894775, 3.9865782260894775, 3.9865782260894775, 3.9865782260894775, 3.9865782260894775, 3.9865782260894775, 3.9865782260894775, 3.9865782260894775, 3.9865782260894775, 3.9865782260894775, 3.9865782260894775, 3.9865782260894775, 3.9865782260894775, 3.9865782260894775, 3.9865782260894775, 3.9865782260894775, 3.9865782260894775, 3.9865782260894775, 3.9865782260894775, 3.9865782260894775, 3.9865782260894775, 3.9865782260894775, 3.9865782260894775, 3.9865782260894775, 3.9865782260894775, 3.9865782260894775, 3.9865782260894775, 3.9865782260894775, 3.9865782260894775, 3.9865782260894775, 3.9865782260894775, 3.9865782260894775, 3.9865782260894775, 3.9865782260894775, 3.9865782260894775, 3.9865782260894775, 3.9865782260894775, 3.9865782260894775, 3.9865782260894775, 3.9865782260894775, 3.9865782260894775, 3.9865782260894775, 3.9865782260894775, 3.9865782260894775, 3.9865782260894775, 3.9865782260894775, 3.9865782260894775, 3.9865782260894775, 3.9865782260894775, 3.9865782260894775, 3.9865782260894775, 3.9865782260894775, 3.9865782260894775, 3.9865782260894775, 3.9865782260894775, 3.9865782260894775, 3.9865782260894775, 3.9865782260894775, 3.9865782260894775, 3.9865782260894775, 3.9865782260894775, 3.9865782260894775]

F3_CEC2022
[78.97624206542969, 0.0, 0.0, 0.0, 0.0, 0.0, 0.0, 0.0, 0.0, 0.0, 0.0, 0.0, 0.0, 0.0, 0.0, 0.0, 0.0, 0.0, 0.0, 0.0, 0.0, 0.0, 0.0, 0.0, 0.0, 0.0, 0.0, 0.0, 0.0, 0.0, 0.0, 0.0, 0.0, 0.0, 0.0, 0.0, 0.0, 0.0, 0.0, 0.0, 0.0, 0.0, 0.0, 0.0, 0.0, 0.0, 0.0, 0.0, 0.0, 0.0, 0.0, 0.0, 0.0, 0.0, 0.0, 0.0, 0.0, 0.0, 0.0, 0.0, 0.0, 0.0, 0.0, 0.0, 0.0, 0.0, 0.0, 0.0, 0.0, 0.0, 0.0, 0.0, 0.0, 0.0, 0.0, 0.0, 0.0, 0.0, 0.0, 0.0, 0.0, 0.0, 0.0, 0.0, 0.0, 0.0, 0.0, 0.0, 0.0, 0.0, 0.0, 0.0, 0.0, 0.0, 0.0, 0.0, 0.0, 0.0, 0.0, 0.0]

F4_CEC2022
[125.86314392089844, 28.070911407470703, 14.213201522827148, 5.181548118591309, 3.9798336029052734, 3.9798336029052734, 3.9798336029052734, 3.9798336029052734, 3.9798336029052734, 3.9798336029052734, 3.9798336029052734, 3.9798336029052734, 3.9798336029052734, 3.9798336029052734, 3.9798336029052734, 3.9798336029052734, 3.9798336029052734, 3.9798336029052734, 3.9798336029052734, 3.9798336029052734, 3.9798336029052734, 3.9798336029052734, 3.9798336029052734, 3.9798336029052734, 3.9798336029052734, 3.9798336029052734, 3.9798336029052734, 3.9798336029052734, 3.9798336029052734, 3.9798336029052734, 3.9798336029052734, 3.9798336029052734, 3.9798336029052734, 3.9798336029052734, 3.9798336029052734, 3.9798336029052734, 3.979832649230957, 3.979832649230957, 3.979832649230957, 3.979832649230957, 3.979832649230957, 3.979832649230957, 3.979832649230957, 3.979832649230957, 3.979832649230957, 3.979832649230957, 3.979832649230957, 3.979832649230957, 3.979832649230957, 3.979832649230957, 3.979832649230957, 3.979832649230957, 3.979832649230957, 3.979832649230957, 3.979832649230957, 3.979832649230957, 3.979832649230957, 3.979832649230957, 3.979832649230957, 3.979832649230957, 3.979832649230957, 3.979832649230957, 3.979832649230957, 3.979832649230957, 3.979832649230957, 3.979832649230957, 3.979832649230957, 3.979832649230957, 3.979832649230957, 3.979832649230957, 3.979832649230957, 3.979832649230957, 3.979832649230957, 3.979832649230957, 3.979832649230957, 3.979832649230957, 3.979832649230957, 3.979832649230957, 3.979832649230957, 3.979832649230957, 3.979832649230957, 3.979832649230957, 3.979832649230957, 3.979832649230957, 3.979832649230957, 3.979832649230957, 3.979832649230957, 3.979832649230957, 3.979832649230957, 3.979832649230957, 3.979832649230957, 3.979832649230957, 3.979832649230957, 3.979832649230957, 3.979832649230957, 3.979832649230957, 3.979832649230957, 3.979832649230957, 3.979832649230957, 3.979832649230957]

F5_CEC2022
[3643.78564453125, 0.0, 0.0, 0.0, 0.0, 0.0, 0.0, 0.0, 0.0, 0.0, 0.0, 0.0, 0.0, 0.0, 0.0, 0.0, 0.0, 0.0, 0.0, 0.0, 0.0, 0.0, 0.0, 0.0, 0.0, 0.0, 0.0, 0.0, 0.0, 0.0, 0.0, 0.0, 0.0, 0.0, 0.0, 0.0, 0.0, 0.0, 0.0, 0.0, 0.0, 0.0, 0.0, 0.0, 0.0, 0.0, 0.0, 0.0, 0.0, 0.0, 0.0, 0.0, 0.0, 0.0, 0.0, 0.0, 0.0, 0.0, 0.0, 0.0, 0.0, 0.0, 0.0, 0.0, 0.0, 0.0, 0.0, 0.0, 0.0, 0.0, 0.0, 0.0, 0.0, 0.0, 0.0, 0.0, 0.0, 0.0, 0.0, 0.0, 0.0, 0.0, 0.0, 0.0, 0.0, 0.0, 0.0, 0.0, 0.0, 0.0, 0.0, 0.0, 0.0, 0.0, 0.0, 0.0, 0.0, 0.0, 0.0, 0.0]

F6_CEC2022
[2984203264.0, 0.2657383680343628, 0.25740334391593933, 0.2564702033996582, 0.25540590286254883, 0.2542876601219177, 0.25337812304496765, 0.2523353695869446, 0.2513769865036011, 0.25040560960769653, 0.24837370216846466, 0.24656935036182404, 0.24496927857398987, 0.24318599700927734, 0.24115143716335297, 0.2391483634710312, 0.23698987066745758, 0.23531147837638855, 0.2331826537847519, 0.23128828406333923, 0.22947348654270172, 0.22784660756587982, 0.22630128264427185, 0.22394418716430664, 0.22166003286838531, 0.21974197030067444, 0.2180236130952835, 0.21627160906791687, 0.2149461954832077, 0.21294943988323212, 0.2111639380455017, 0.20930002629756927, 0.20733687281608582, 0.20544372498989105, 0.20393367111682892, 0.20223060250282288, 0.19998304545879364, 0.19827157258987427, 0.19657465815544128, 0.19523879885673523, 0.19356991350650787, 0.19129855930805206, 0.18904832005500793, 0.18730798363685608, 0.1850098818540573, 0.1837565153837204, 0.18179187178611755, 0.179692804813385, 0.1780957132577896, 0.17670558393001556, 0.17479906976222992, 0.172883078455925, 0.17085471749305725, 0.16885904967784882, 0.16679219901561737, 0.16484379768371582, 0.16298101842403412, 0.16100464761257172, 0.15884044766426086, 0.15707896649837494, 0.155425027012825, 0.1538400501012802, 0.15206748247146606, 0.14986400306224823, 0.14792495965957642, 0.14625853300094604, 0.14437545835971832, 0.14245843887329102, 0.1407763808965683, 0.1391633152961731, 0.13718698918819427, 0.13582295179367065, 0.1340274065732956, 0.1322433054447174, 0.13037464022636414, 0.12870550155639648, 0.12714968621730804, 0.12537126243114471, 0.12367551028728485, 0.12235677242279053, 0.12095817178487778, 0.11928148567676544, 0.11786121875047684, 0.11604802310466766, 0.11436097323894501, 0.11269355565309525, 0.11099196970462799, 0.10942858457565308, 0.10795856267213821, 0.10636504739522934, 0.105026014149189, 0.10359850525856018, 0.10222495347261429, 0.10059541463851929, 0.0988718643784523, 0.0970945805311203, 0.09558989107608795, 0.09373114258050919, 0.09242495149374008, 0.09081568568944931]

F7_CEC2022
[281.3251037597656, 0.9394599199295044, 0.0, 0.0, 0.0, 0.0, 0.0, 0.0, 0.0, 0.0, 0.0, 0.0, 0.0, 0.0, 0.0, 0.0, 0.0, 0.0, 0.0, 0.0, 0.0, 0.0, 0.0, 0.0, 0.0, 0.0, 0.0, 0.0, 0.0, 0.0, 0.0, 0.0, 0.0, 0.0, 0.0, 0.0, 0.0, 0.0, 0.0, 0.0, 0.0, 0.0, 0.0, 0.0, 0.0, 0.0, 0.0, 0.0, 0.0, 0.0, 0.0, 0.0, 0.0, 0.0, 0.0, 0.0, 0.0, 0.0, 0.0, 0.0, 0.0, 0.0, 0.0, 0.0, 0.0, 0.0, 0.0, 0.0, 0.0, 0.0, 0.0, 0.0, 0.0, 0.0, 0.0, 0.0, 0.0, 0.0, 0.0, 0.0, 0.0, 0.0, 0.0, 0.0, 0.0, 0.0, 0.0, 0.0, 0.0, 0.0, 0.0, 0.0, 0.0, 0.0, 0.0, 0.0, 0.0, 0.0, 0.0, 0.0]

F8_CEC2022
[237.6594696044922, 2.334562063217163, 0.7341858148574829, 0.17371231317520142, 0.030051469802856445, 0.008195996284484863, 0.0010226964950561523, 0.0003352165222167969, 0.0002796053886413574, 8.171796798706055e-05, 0.0, 0.0, 0.0, 0.0, 0.0, 0.0, 0.0, 0.0, 0.0, 0.0, 0.0, 0.0, 0.0, 0.0, 0.0, 0.0, 0.0, 0.0, 0.0, 0.0, 0.0, 0.0, 0.0, 0.0, 0.0, 0.0, 0.0, 0.0, 0.0, 0.0, 0.0, 0.0, 0.0, 0.0, 0.0, 0.0, 0.0, 0.0, 0.0, 0.0, 0.0, 0.0, 0.0, 0.0, 0.0, 0.0, 0.0, 0.0, 0.0, 0.0, 0.0, 0.0, 0.0, 0.0, 0.0, 0.0, 0.0, 0.0, 0.0, 0.0, 0.0, 0.0, 0.0, 0.0, 0.0, 0.0, 0.0, 0.0, 0.0, 0.0, 0.0, 0.0, 0.0, 0.0, 0.0, 0.0, 0.0, 0.0, 0.0, 0.0, 0.0, 0.0, 0.0, 0.0, 0.0, 0.0, 0.0, 0.0, 0.0, 0.0]

F9_CEC2022
[772.4111328125, 229.28431701660156, 229.28431701660156, 229.28431701660156, 229.28431701660156, 229.28431701660156, 229.28431701660156, 229.28431701660156, 229.28431701660156, 229.28431701660156, 229.28431701660156, 229.28431701660156, 229.28431701660156, 229.28431701660156, 229.28431701660156, 229.28431701660156, 229.28431701660156, 229.28431701660156, 229.28431701660156, 229.28431701660156, 229.28431701660156, 229.28431701660156, 229.28431701660156, 229.28431701660156, 229.28431701660156, 229.28431701660156, 229.28431701660156, 229.28431701660156, 229.28431701660156, 229.28431701660156, 229.28431701660156, 229.28431701660156, 229.28431701660156, 229.28431701660156, 229.28431701660156, 229.28431701660156, 229.28431701660156, 229.28431701660156, 229.28431701660156, 229.28431701660156, 229.28431701660156, 229.28431701660156, 229.28431701660156, 229.28431701660156, 229.28431701660156, 229.28431701660156, 229.28431701660156, 229.28431701660156, 229.28431701660156, 229.28431701660156, 229.28431701660156, 229.28431701660156, 229.28431701660156, 229.28431701660156, 229.28431701660156, 229.28431701660156, 229.28431701660156, 229.28431701660156, 229.28431701660156, 229.28431701660156, 229.28431701660156, 229.28431701660156, 229.28431701660156, 229.28431701660156, 229.28431701660156, 229.28431701660156, 229.28431701660156, 229.28431701660156, 229.28431701660156, 229.28431701660156, 229.28431701660156, 229.28431701660156, 229.28431701660156, 229.28431701660156, 229.28431701660156, 229.28431701660156, 229.28431701660156, 229.28431701660156, 229.28431701660156, 229.28431701660156, 229.28431701660156, 229.28431701660156, 229.28431701660156, 229.28431701660156, 229.28431701660156, 229.28431701660156, 229.28431701660156, 229.28431701660156, 229.28431701660156, 229.28431701660156, 229.28431701660156, 229.28431701660156, 229.28431701660156, 229.28431701660156, 229.28431701660156, 229.28431701660156, 229.28431701660156, 229.28431701660156, 229.28431701660156, 229.28431701660156]

F10_CEC2022
[375.65521240234375, 100.25835418701172, 100.25169372558594, 100.17672729492188, 100.1377182006836, 100.1377182006836, 100.1377182006836, 100.1377182006836, 100.1377182006836, 100.1377182006836, 100.1377182006836, 100.1377182006836, 100.1377182006836, 100.1377182006836, 100.1377182006836, 100.1377182006836, 100.1377182006836, 100.1377182006836, 100.1377182006836, 100.1377182006836, 100.1377182006836, 100.1377182006836, 100.1377182006836, 100.1377182006836, 100.1377182006836, 100.1377182006836, 100.1377182006836, 100.1377182006836, 100.1377182006836, 100.1377182006836, 100.1377182006836, 100.1377182006836, 100.1377182006836, 100.1377182006836, 100.1377182006836, 100.1377182006836, 100.1377182006836, 100.1377182006836, 100.1377182006836, 100.1377182006836, 100.1377182006836, 100.1377182006836, 100.1377182006836, 100.1377182006836, 100.1377182006836, 100.1377182006836, 100.1377182006836, 100.1377182006836, 100.1377182006836, 100.1377182006836, 100.1377182006836, 100.1377182006836, 100.1377182006836, 100.1377182006836, 100.1377182006836, 100.1377182006836, 100.1377182006836, 100.1377182006836, 100.1377182006836, 100.1377182006836, 100.1377182006836, 100.1377182006836, 100.1377182006836, 100.1377182006836, 100.1377182006836, 100.1377182006836, 100.1377182006836, 100.1377182006836, 100.1377182006836, 100.1377182006836, 100.1377182006836, 100.1377182006836, 100.1377182006836, 100.1377182006836, 100.1377182006836, 100.1377182006836, 100.1377182006836, 100.1377182006836, 100.1377182006836, 100.1377182006836, 100.1377182006836, 100.1377182006836, 100.1377182006836, 100.1377182006836, 100.1377182006836, 100.1377182006836, 100.1377182006836, 100.1377182006836, 100.1377182006836, 100.1377182006836, 100.1377182006836, 100.1377182006836, 100.1377182006836, 100.1377182006836, 100.1377182006836, 100.1377182006836, 100.1377182006836, 100.1377182006836, 100.1377182006836, 100.1377182006836]

F11_CEC2022
[2514.2451171875, 0.0, 0.0, 0.0, 0.0, 0.0, 0.0, 0.0, 0.0, 0.0, 0.0, 0.0, 0.0, 0.0, 0.0, 0.0, 0.0, 0.0, 0.0, 0.0, 0.0, 0.0, 0.0, 0.0, 0.0, 0.0, 0.0, 0.0, 0.0, 0.0, 0.0, 0.0, 0.0, 0.0, 0.0, 0.0, 0.0, 0.0, 0.0, 0.0, 0.0, 0.0, 0.0, 0.0, 0.0, 0.0, 0.0, 0.0, 0.0, 0.0, 0.0, 0.0, 0.0, 0.0, 0.0, 0.0, 0.0, 0.0, 0.0, 0.0, 0.0, 0.0, 0.0, 0.0, 0.0, 0.0, 0.0, 0.0, 0.0, 0.0, 0.0, 0.0, 0.0, 0.0, 0.0, 0.0, 0.0, 0.0, 0.0, 0.0, 0.0, 0.0, 0.0, 0.0, 0.0, 0.0, 0.0, 0.0, 0.0, 0.0, 0.0, 0.0, 0.0, 0.0, 0.0, 0.0, 0.0, 0.0, 0.0, 0.0]

F12_CEC2022
[441.3547058105469, 159.36868286132812, 159.36868286132812, 159.36868286132812, 159.36868286132812, 159.36868286132812, 159.36868286132812, 159.36868286132812, 159.36868286132812, 159.36868286132812, 159.36868286132812, 159.36866760253906, 159.36866760253906, 159.36866760253906, 159.36866760253906, 159.36866760253906, 159.36866760253906, 159.36866760253906, 159.36866760253906, 159.36866760253906, 159.36866760253906, 159.36866760253906, 159.36866760253906, 159.36866760253906, 159.36866760253906, 159.36866760253906, 159.36866760253906, 159.36866760253906, 159.36866760253906, 159.36866760253906, 159.36866760253906, 159.36866760253906, 159.36866760253906, 159.36866760253906, 159.36866760253906, 159.36866760253906, 159.36866760253906, 159.36866760253906, 159.36866760253906, 159.36866760253906, 159.36866760253906, 159.36866760253906, 159.36866760253906, 159.36866760253906, 159.36866760253906, 159.36866760253906, 159.36866760253906, 159.36866760253906, 159.36866760253906, 159.36866760253906, 159.36866760253906, 159.36866760253906, 159.36866760253906, 159.36866760253906, 159.36866760253906, 159.36866760253906, 159.36866760253906, 159.36866760253906, 159.36866760253906, 159.36866760253906, 159.36866760253906, 159.36866760253906, 159.36866760253906, 159.36866760253906, 159.36866760253906, 159.36866760253906, 159.36866760253906, 159.36866760253906, 159.36866760253906, 159.36866760253906, 159.36866760253906, 159.36866760253906, 159.36866760253906, 159.36866760253906, 159.36866760253906, 159.36866760253906, 159.36866760253906, 159.36866760253906, 159.36866760253906, 159.36866760253906, 159.36866760253906, 159.36866760253906, 159.36866760253906, 159.36866760253906, 159.36866760253906, 159.36866760253906, 159.36866760253906, 159.36866760253906, 159.36866760253906, 159.36866760253906, 159.36866760253906, 159.36866760253906, 159.36866760253906, 159.36866760253906, 159.36866760253906, 159.36866760253906, 159.36866760253906, 159.36866760253906, 159.36866760253906, 159.36866760253906]

