Problem_Dim: 20, Time: 60, Op timizer: SaDE, Popsize: 100

F2_CEC2022
[4226.99462890625, 49.084449768066406, 49.084442138671875, 49.08443832397461, 49.084434509277344, 49.084434509277344, 49.084434509277344, 49.084434509277344, 49.084434509277344, 49.084434509277344, 49.084434509277344, 49.084434509277344, 49.084434509277344, 49.084434509277344, 49.08443069458008, 49.08443069458008, 49.08443069458008, 49.08443069458008, 49.08442687988281, 49.08442687988281, 49.08442687988281, 49.08442687988281, 49.08442687988281, 49.08442687988281, 49.08442687988281, 49.08442687988281, 49.08442687988281, 49.08442687988281, 49.08442687988281, 49.08442687988281, 49.08442687988281, 49.08442687988281, 49.08442687988281, 49.08442306518555, 49.08442306518555, 49.08442306518555, 49.08442306518555, 49.08442306518555, 49.08442306518555, 49.08442306518555, 49.08442306518555, 49.08442306518555, 49.08442306518555, 49.08442306518555, 49.08442306518555, 49.08442306518555, 49.08442306518555, 49.08442306518555, 49.08442306518555, 49.08442306518555, 49.08441925048828, 49.08441925048828, 49.08441925048828, 49.08441925048828, 49.08441925048828, 49.08441925048828, 49.08441925048828, 49.08441925048828, 49.08441925048828, 49.08441925048828, 49.08441925048828, 49.08441925048828, 49.08441925048828, 49.08441925048828, 49.08441925048828, 49.08441925048828, 49.08441925048828, 49.08441925048828, 49.08441925048828, 49.08441925048828, 49.08441925048828, 49.08441925048828, 49.08441925048828, 49.08441925048828, 49.08441925048828, 49.08441925048828, 49.08441925048828, 49.08441925048828, 49.08441925048828, 49.08441925048828, 49.08441925048828, 49.08441925048828, 49.08441925048828, 49.08441925048828, 49.08441925048828, 49.08441925048828, 49.08441925048828, 49.08441925048828, 49.08441925048828, 49.08441925048828, 49.08441925048828, 49.08441925048828, 49.08441925048828, 49.08441925048828, 49.08441925048828, 49.08441925048828, 49.08441925048828, 49.08441925048828, 49.08441925048828, 49.08441925048828]

F8_CEC2022
[2142.151611328125, 20.702922821044922, 20.630802154541016, 20.561382293701172, 20.47303581237793, 20.426158905029297, 20.418317794799805, 20.406991958618164, 20.393587112426758, 20.39069366455078, 20.358428955078125, 20.339262008666992, 20.33526039123535, 20.33466911315918, 20.32863998413086, 20.328638076782227, 20.328569412231445, 20.32846450805664, 20.328298568725586, 20.327537536621094, 20.272998809814453, 20.2702693939209, 20.269330978393555, 20.26768684387207, 20.265506744384766, 20.25621223449707, 20.253957748413086, 20.25084114074707, 20.249277114868164, 20.248382568359375, 20.248077392578125, 20.246862411499023, 20.245527267456055, 20.24532699584961, 20.243484497070312, 20.241910934448242, 20.24167251586914, 20.240089416503906, 20.239904403686523, 20.239404678344727, 20.23819923400879, 20.238000869750977, 20.23782730102539, 20.236698150634766, 20.236330032348633, 20.236116409301758, 20.23567771911621, 20.228649139404297, 20.22854995727539, 20.22817611694336, 20.228111267089844, 20.22765350341797, 20.22755241394043, 20.227182388305664, 20.22703742980957, 20.22694969177246, 20.226524353027344, 20.22627830505371, 20.225921630859375, 20.225696563720703, 20.22503662109375, 20.224895477294922, 20.224506378173828, 20.224424362182617, 20.224233627319336, 20.22316551208496, 20.222816467285156, 20.222501754760742, 20.22228240966797, 20.221969604492188, 20.221847534179688, 20.22178840637207, 20.221786499023438, 20.221559524536133, 20.221542358398438, 20.221424102783203, 20.221179962158203, 20.216129302978516, 20.215927124023438, 20.21555519104004, 20.215280532836914, 20.214994430541992, 20.214078903198242, 20.21401596069336, 20.21363067626953, 20.213584899902344, 20.213428497314453, 20.2133731842041, 20.213348388671875, 20.213319778442383, 20.21326446533203, 20.21303367614746, 20.212739944458008, 20.212562561035156, 20.21250343322754, 20.212276458740234, 20.212125778198242, 20.212108612060547, 20.21192741394043, 20.211870193481445]

F10
[5517.3896484375, 100.19689178466797, 100.1451416015625, 100.08981323242188, 100.0608139038086, 100.04473114013672, 100.03778076171875, 100.03072357177734, 100.03072357177734, 100.03072357177734, 100.03072357177734, 100.03072357177734, 100.03072357177734, 100.03072357177734, 100.03072357177734, 100.03072357177734, 100.03072357177734, 100.03072357177734, 100.03072357177734, 100.03072357177734, 100.03072357177734, 100.03072357177734, 100.03072357177734, 100.03072357177734, 100.03072357177734, 100.03072357177734, 100.03072357177734, 100.03072357177734, 100.03072357177734, 100.03072357177734, 100.03072357177734, 100.03072357177734, 100.03072357177734, 100.03072357177734, 100.03072357177734, 100.03071594238281, 100.03071594238281, 100.03071594238281, 100.03071594238281, 100.03071594238281, 100.03070831298828, 100.03070831298828, 100.03070068359375, 100.03069305419922, 100.03068542480469, 100.03068542480469, 100.03068542480469, 100.03067779541016, 100.0306625366211, 100.0306625366211, 100.0306396484375, 100.03063201904297, 100.03063201904297, 100.03063201904297, 100.03063201904297, 100.03063201904297, 100.03063201904297, 100.03063201904297, 100.03063201904297, 100.03063201904297, 100.03063201904297, 100.03063201904297, 100.03063201904297, 100.03062438964844, 100.03062438964844, 100.03062438964844, 100.03062438964844, 100.03062438964844, 100.03062438964844, 100.03062438964844, 100.03062438964844, 100.03062438964844, 100.03062438964844, 100.03062438964844, 100.03062438964844, 100.03062438964844, 100.0306167602539, 100.0306167602539, 100.0306167602539, 100.0306167602539, 100.0306167602539, 100.0306167602539, 100.0306167602539, 100.0306167602539, 100.0306167602539, 100.0306167602539, 100.0306167602539, 100.0306167602539, 100.0306167602539, 100.0306167602539, 100.0306167602539, 100.0306167602539, 100.0306167602539, 100.0306167602539, 100.0306167602539, 100.0306167602539, 100.0306167602539, 100.03060913085938, 100.03060913085938, 100.03060913085938]
