Problem_Dim: 20, Time: 60, Op timizer: DE, Popsize: 100

F2_CEC2022
[10297.251953125, 49.08443832397461, 49.08443832397461, 49.08443832397461, 49.08443832397461, 49.08443832397461, 49.08443832397461, 49.08443832397461, 49.08443832397461, 49.08443832397461, 49.08443832397461, 49.08443832397461, 49.08443832397461, 49.08443832397461, 49.08443832397461, 49.08443832397461, 49.08443832397461, 49.08443832397461, 49.08443832397461, 49.08443832397461, 49.08443832397461, 49.08443832397461, 49.08443832397461, 49.08443832397461, 49.08443832397461, 49.08443832397461, 49.08443832397461, 49.08443832397461, 49.08443832397461, 49.08443832397461, 49.08443832397461, 49.08443832397461, 49.08443832397461, 49.08443832397461, 49.08443832397461, 49.08443832397461, 49.08443832397461, 49.08443832397461, 49.08443832397461, 49.08443832397461, 49.08443832397461, 49.08443832397461, 49.08443832397461, 49.08443832397461, 49.08443832397461, 49.08443832397461, 49.08443832397461, 49.08443832397461, 49.08443832397461, 49.08443832397461, 49.08443832397461, 49.08443832397461, 49.08443832397461, 49.08443832397461, 49.08443832397461, 49.08443832397461, 49.08443832397461, 49.08443832397461, 49.08443832397461, 49.08443832397461, 49.08443832397461, 49.08443832397461, 49.08443832397461, 49.08443832397461, 49.08443832397461, 49.08443832397461, 49.08443832397461, 49.08443832397461, 49.08443832397461, 49.08443832397461, 49.08443832397461, 49.08443832397461, 49.08443832397461, 49.08443832397461, 49.08443832397461, 49.08443832397461, 49.08443832397461, 49.08443832397461, 49.08443832397461, 49.08443832397461, 49.08443832397461, 49.08443832397461, 49.08443832397461, 49.08443832397461, 49.08443832397461, 49.08443832397461, 49.08443832397461, 49.08443832397461, 49.08443832397461, 49.08443832397461, 49.08443832397461, 49.08443832397461, 49.08443832397461, 49.08443832397461, 49.08443832397461, 49.08443832397461, 49.08443832397461, 49.08443832397461, 49.08443832397461, 49.08443832397461]

F8_CEC2022
[2950.533203125, 0.5168198347091675, 0.5168198347091675, 0.5168198347091675, 0.5168198347091675, 0.5168198347091675, 0.5168198347091675, 0.5168198347091675, 0.5168198347091675, 0.5168198347091675, 0.5168198347091675, 0.5168198347091675, 0.5168198347091675, 0.5168198347091675, 0.5168198347091675, 0.5168198347091675, 0.5168198347091675, 0.5168198347091675, 0.5168198347091675, 0.5168198347091675, 0.5168198347091675, 0.5168198347091675, 0.5168198347091675, 0.5168198347091675, 0.5168198347091675, 0.5168198347091675, 0.5168198347091675, 0.5168198347091675, 0.5168198347091675, 0.5168198347091675, 0.5168198347091675, 0.5168198347091675, 0.5168198347091675, 0.5168198347091675, 0.5168198347091675, 0.5168198347091675, 0.5168198347091675, 0.5168198347091675, 0.5168198347091675, 0.5168198347091675, 0.5168198347091675, 0.5168198347091675, 0.5168198347091675, 0.5168198347091675, 0.5168198347091675, 0.5168198347091675, 0.5168198347091675, 0.5168198347091675, 0.5168198347091675, 0.5168198347091675, 0.5168198347091675, 0.5168198347091675, 0.5168198347091675, 0.5168198347091675, 0.5168198347091675, 0.5168198347091675, 0.5168198347091675, 0.5168198347091675, 0.5168198347091675, 0.5168198347091675, 0.5168198347091675, 0.5168198347091675, 0.5168198347091675, 0.5168198347091675, 0.5168198347091675, 0.5168198347091675, 0.5168198347091675, 0.5168198347091675, 0.5168198347091675, 0.5168198347091675, 0.5168198347091675, 0.5168198347091675, 0.5168198347091675, 0.5168198347091675, 0.5168198347091675, 0.5168198347091675, 0.5168198347091675, 0.5168198347091675, 0.5168198347091675, 0.5168198347091675, 0.5168198347091675, 0.5168198347091675, 0.5168198347091675, 0.5168198347091675, 0.5168198347091675, 0.5168198347091675, 0.5168198347091675, 0.5168198347091675, 0.5168198347091675, 0.5168198347091675, 0.5168198347091675, 0.5168198347091675, 0.5168198347091675, 0.5168198347091675, 0.5168198347091675, 0.5168198347091675, 0.5168198347091675, 0.5168198347091675, 0.5168198347091675, 0.5168198347091675]

F10_CEC2022
[4924.4306640625, 100.2619857788086, 100.2619857788086, 100.2619857788086, 100.2619857788086, 100.2619857788086, 100.2619857788086, 100.2619857788086, 100.2619857788086, 100.2619857788086, 100.2619857788086, 100.2619857788086, 100.2619857788086, 100.2619857788086, 100.2619857788086, 100.2619857788086, 100.2619857788086, 100.2619857788086, 100.2619857788086, 100.2619857788086, 100.2619857788086, 100.2619857788086, 100.2619857788086, 100.2619857788086, 100.2619857788086, 100.2619857788086, 100.2619857788086, 100.2619857788086, 100.2619857788086, 100.2619857788086, 100.2619857788086, 100.2619857788086, 100.2619857788086, 100.2619857788086, 100.2619857788086, 100.2619857788086, 100.2619857788086, 100.2619857788086, 100.2619857788086, 100.2619857788086, 100.2619857788086, 100.2619857788086, 100.2619857788086, 100.2619857788086, 100.2619857788086, 100.2619857788086, 100.2619857788086, 100.2619857788086, 100.2619857788086, 100.2619857788086, 100.2619857788086, 100.2619857788086, 100.2619857788086, 100.2619857788086, 100.2619857788086, 100.2619857788086, 100.2619857788086, 100.2619857788086, 100.2619857788086, 100.2619857788086, 100.2619857788086, 100.2619857788086, 100.2619857788086, 100.2619857788086, 100.2619857788086, 100.2619857788086, 100.2619857788086, 100.2619857788086, 100.2619857788086, 100.2619857788086, 100.2619857788086, 100.2619857788086, 100.2619857788086, 100.2619857788086, 100.2619857788086, 100.2619857788086, 100.2619857788086, 100.2619857788086, 100.2619857788086, 100.2619857788086, 100.2619857788086, 100.2619857788086, 100.2619857788086, 100.2619857788086, 100.2619857788086, 100.2619857788086, 100.2619857788086, 100.2619857788086, 100.2619857788086, 100.2619857788086, 100.2619857788086, 100.2619857788086, 100.2619857788086, 100.2619857788086, 100.2619857788086, 100.2619857788086, 100.2619857788086, 100.2619857788086, 100.2619857788086, 100.2619857788086]

