Problem_Dim: 20, Time: 60, Op timizer: CoDE, Popsize: 100

F2_CEC2022
[5553.93212890625, 49.08442306518555, 49.08442306518555, 49.08442306518555, 49.08442306518555, 49.08442306518555, 49.08442306518555, 49.08442306518555, 49.08442306518555, 49.08442306518555, 49.08442306518555, 49.08442306518555, 49.08442306518555, 49.08442306518555, 49.08442306518555, 49.08442306518555, 49.08442306518555, 49.08442306518555, 49.08442306518555, 49.08442306518555, 49.08442306518555, 49.08442306518555, 49.08442306518555, 49.08442306518555, 49.08442306518555, 49.08442306518555, 49.08442306518555, 49.08442306518555, 49.08442306518555, 49.08442306518555, 49.08442306518555, 49.08442306518555, 49.08442306518555, 49.08442306518555, 49.08442306518555, 49.08442306518555, 49.08442306518555, 49.08442306518555, 49.08442306518555, 49.08442306518555, 49.08442306518555, 49.08442306518555, 49.08442306518555, 49.08442306518555, 49.08442306518555, 49.08442306518555, 49.08442306518555, 49.08442306518555, 49.08442306518555, 49.08442306518555, 49.08442306518555, 49.08442306518555, 49.08442306518555, 49.08442306518555, 49.08442306518555, 49.08442306518555, 49.08442306518555, 49.08442306518555, 49.08442306518555, 49.08442306518555, 49.08442306518555, 49.08442306518555, 49.08442306518555, 49.08442306518555, 49.08442306518555, 49.08442306518555, 49.08442306518555, 49.08442306518555, 49.08442306518555, 49.08442306518555, 49.08442306518555, 49.08442306518555, 49.08442306518555, 49.08442306518555, 49.08442306518555, 49.08442306518555, 49.08442306518555, 49.08442306518555, 49.08442306518555, 49.08442306518555, 49.08442306518555, 49.08442306518555, 49.08442306518555, 49.08442306518555, 49.08442306518555, 49.08442306518555, 49.08442306518555, 49.08442306518555, 49.08442306518555, 49.08442306518555, 49.08442306518555, 49.08442306518555, 49.08442306518555, 49.08442306518555, 49.08442306518555, 49.08442306518555, 49.08442306518555, 49.08442306518555, 49.08442306518555, 49.08442306518555]

F8_CEC2022
[933.469482421875, 0.439361572265625, 0.439361572265625, 0.439361572265625, 0.439361572265625, 0.439361572265625, 0.439361572265625, 0.439361572265625, 0.439361572265625, 0.439361572265625, 0.439361572265625, 0.439361572265625, 0.439361572265625, 0.439361572265625, 0.439361572265625, 0.439361572265625, 0.439361572265625, 0.439361572265625, 0.439361572265625, 0.439361572265625, 0.439361572265625, 0.439361572265625, 0.439361572265625, 0.439361572265625, 0.439361572265625, 0.439361572265625, 0.439361572265625, 0.439361572265625, 0.439361572265625, 0.439361572265625, 0.439361572265625, 0.439361572265625, 0.439361572265625, 0.439361572265625, 0.439361572265625, 0.439361572265625, 0.439361572265625, 0.439361572265625, 0.439361572265625, 0.439361572265625, 0.439361572265625, 0.439361572265625, 0.439361572265625, 0.439361572265625, 0.439361572265625, 0.439361572265625, 0.439361572265625, 0.439361572265625, 0.439361572265625, 0.439361572265625, 0.439361572265625, 0.439361572265625, 0.439361572265625, 0.439361572265625, 0.439361572265625, 0.439361572265625, 0.439361572265625, 0.439361572265625, 0.439361572265625, 0.439361572265625, 0.439361572265625, 0.439361572265625, 0.439361572265625, 0.439361572265625, 0.439361572265625, 0.439361572265625, 0.439361572265625, 0.439361572265625, 0.439361572265625, 0.439361572265625, 0.439361572265625, 0.439361572265625, 0.439361572265625, 0.439361572265625, 0.439361572265625, 0.439361572265625, 0.439361572265625, 0.439361572265625, 0.439361572265625, 0.439361572265625, 0.439361572265625, 0.439361572265625, 0.439361572265625, 0.439361572265625, 0.439361572265625, 0.439361572265625, 0.439361572265625, 0.439361572265625, 0.439361572265625, 0.439361572265625, 0.439361572265625, 0.439361572265625, 0.439361572265625, 0.439361572265625, 0.439361572265625, 0.439361572265625, 0.439361572265625, 0.439361572265625, 0.439361572265625, 0.439361572265625]

F10_CEC2022
[4753.70849609375, 100.29835510253906, 100.29835510253906, 100.29835510253906, 100.29835510253906, 100.29835510253906, 100.29835510253906, 100.29835510253906, 100.29835510253906, 100.29835510253906, 100.29835510253906, 100.29835510253906, 100.29835510253906, 100.29835510253906, 100.29835510253906, 100.29835510253906, 100.29835510253906, 100.29835510253906, 100.29835510253906, 100.29835510253906, 100.29835510253906, 100.29835510253906, 100.29835510253906, 100.29835510253906, 100.29835510253906, 100.29833984375, 100.29833984375, 100.29833984375, 100.29833984375, 100.29833984375, 100.29833984375, 100.29833984375, 100.29833984375, 100.29833984375, 100.29833984375, 100.29833984375, 100.29833984375, 100.29833984375, 100.29833984375, 100.29833984375, 100.29833984375, 100.29833984375, 100.29833984375, 100.29833984375, 100.29833984375, 100.29833984375, 100.29833984375, 100.29833984375, 100.29833984375, 100.29833984375, 100.29833984375, 100.29833984375, 100.29833984375, 100.29833984375, 100.29833984375, 100.29833984375, 100.29833984375, 100.29833984375, 100.29833984375, 100.29833984375, 100.29833984375, 100.29833984375, 100.29833984375, 100.29833984375, 100.29833984375, 100.29833984375, 100.29833984375, 100.29833984375, 100.29833984375, 100.29833984375, 100.29833984375, 100.29833984375, 100.29833984375, 100.29833984375, 100.29833984375, 100.29833984375, 100.29833984375, 100.29833984375, 100.29833984375, 100.29833984375, 100.29833984375, 100.29833984375, 100.29833984375, 100.29833984375, 100.29833984375, 100.29833984375, 100.29833984375, 100.29833984375, 100.29833984375, 100.29833984375, 100.29833984375, 100.29833984375, 100.29833984375, 100.29833984375, 100.29833984375, 100.29833984375, 100.29833984375, 100.29833984375, 100.29833984375, 100.29833984375]

