Problem_Dim: 10, Time: 30, Op timizer: DE, Popsize: 100, Iters: 9999999

F1_CEC2022  0.0 0.0 0.0 0.0 0.0 0.0 0.0 0.0 0.0 0.0 0.0 0.0 0.0 0.0 0.0 0.0 0.0 0.0 0.0 0.0 0.0 0.0 0.0 0.0 0.0 0.0 0.0 0.0 0.0 0.0 0.0 9262200
F2_CEC2022  3.9865782260894775 3.9865782260894775 3.9865782260894775 8.91609001159668 3.9865782260894775 8.916091918945312 3.9865782260894775 0.0 3.9865782260894775 3.9865782260894775 3.9865782260894775 3.9865782260894775 3.9865782260894775 8.916093826293945 3.9865782260894775 8.916093826293945 3.9865782260894775 3.9865782260894775 8.91609001159668 8.916091918945312 3.9865782260894775 3.9865782260894775 3.9865782260894775 8.916088104248047 3.9865782260894775 3.9865782260894775 3.9865782260894775 8.916090965270996 8.916091918945312 3.9865782260894775 3.9865782260894775 9224200
F3_CEC2022  0.0 0.0 0.0 0.0 0.0 0.0 0.0 0.0 0.0 0.0 0.0 0.0 0.0 0.0 0.0 0.0 0.0 0.0 0.0 0.0 0.0 0.0 0.0 0.0 0.0 0.0 0.0 0.0 0.0 0.0 0.0 7585900
F4_CEC2022  0.9949579238891602 4.974791526794434 3.9798336029052734 8.954622268676758 4.97479248046875 6.964704513549805 2.984874725341797 3.9798336029052734 4.974791526794434 7.959663391113281 8.954622268676758 4.97479248046875 15.380146026611328 5.969749450683594 11.341329574584961 9.949576377868652 4.97479248046875 12.852581024169922 7.662655830383301 5.96975040435791 5.96975040435791 8.954622268676758 9.949576377868652 4.97479248046875 1.9899158477783203 5.96975040435791 3.979832649230957 3.9798336029052734 9.04381275177002 4.97479248046875 3.979832649230957 9280100
F5_CEC2022  0.0 0.0 0.0 0.0 0.0 0.0 0.0 0.0 0.0 0.0 0.0 0.0 0.0 0.0 0.0 0.0 0.0 0.0 0.0 0.0 0.0 0.0 0.0 0.0 0.0 0.0 0.0 0.0 0.0 0.0 0.0 9238600
F6_CEC2022  0.1298694908618927 0.13455137610435486 0.0 0.21423789858818054 0.0043705361895263195 0.26979348063468933 0.4968593418598175 0.3659818470478058 6.303599548118655e-06 0.019697271287441254 0.49998247623443604 0.49413877725601196 0.47954633831977844 0.11326342076063156 0.45071130990982056 0.04579527676105499 0.012603414244949818 0.052057895809412 0.03866845369338989 0.2596217691898346 0.0 0.4060302674770355 0.491024374961853 0.3785989284515381 0.44204017519950867 0.2057647556066513 2.2607034111388202e-07 0.08148431777954102 0.09424108266830444 0.011168147437274456 0.09081568568944931 9122100
F7_CEC2022  0.0 0.0 0.0 0.0 0.6240234375 0.0 0.6240234375 0.0 0.0 0.0 0.0 0.0 0.0 0.0 0.0 0.0 0.0 0.0 0.0 0.0 0.9948663711547852 0.0 0.0 0.0 0.0 0.0 0.0 0.0 0.0 0.0 0.0 8861800
F8_CEC2022  0.0 0.0 0.02143073081970215 0.0 0.6240425109863281 0.0 0.0038355588912963867 0.0033420324325561523 0.0 4.1484832763671875e-05 1.5020370483398438e-05 0.0011542439460754395 0.001421213150024414 0.0 0.0 0.0035132765769958496 0.0 0.0 0.0 0.0 0.0 0.0014312267303466797 0.0 7.653236389160156e-05 0.0 0.0 0.0008927583694458008 6.818771362304688e-05 0.0013157129287719727 0.0 0.0 8716400
F9_CEC2022  229.28431701660156 229.2843017578125 229.2843017578125 229.28431701660156 229.28431701660156 229.28431701660156 229.28431701660156 229.28431701660156 229.2843017578125 229.28431701660156 229.28431701660156 229.28431701660156 229.2843017578125 229.28431701660156 229.28431701660156 229.28431701660156 229.28431701660156 229.28431701660156 229.28431701660156 229.28431701660156 229.2843017578125 229.2843017578125 229.2843017578125 229.28431701660156 229.2843017578125 229.28431701660156 229.28431701660156 229.28431701660156 229.28431701660156 229.2843017578125 229.28431701660156 8673800
F10_CEC2022  100.24406433105469 100.12847137451172 100.17272186279297 100.18782043457031 100.15165710449219 100.09765625 100.17901611328125 100.17671203613281 100.10492706298828 100.27597045898438 100.1968765258789 100.16610717773438 100.13365936279297 100.2097396850586 100.23066711425781 100.154541015625 100.14203643798828 100.10578155517578 100.22053527832031 100.13440704345703 100.11183166503906 100.1592788696289 100.19425964355469 100.19441223144531 100.20921325683594 100.24827575683594 99.99998474121094 100.16334533691406 100.18257141113281 100.23944854736328 100.1377182006836 7848000
F11_CEC2022  0.0 0.0 0.0 0.0 0.0 0.0 0.0 0.0 0.0 0.0 0.0 0.0 0.0 0.0 0.0 0.0 0.0 0.0 0.0 0.0 0.0 0.0 0.0 0.0 0.0 0.0 0.0 0.0 0.0 0.0 0.0 7598800
F12_CEC2022  162.56735229492188 159.36865234375 163.49481201171875 163.49481201171875 161.40487670898438 162.2759552001953 161.40487670898438 163.18902587890625 161.40487670898438 162.56735229492188 161.40487670898438 159.36866760253906 161.40487670898438 161.40487670898438 161.40487670898438 161.40487670898438 162.62794494628906 161.40487670898438 163.49481201171875 163.49481201171875 163.47772216796875 163.18902587890625 158.6182861328125 163.47772216796875 162.70010375976562 162.56735229492188 161.40487670898438 163.49481201171875 159.54376220703125 162.7001190185547 159.36866760253906 3789700
