Problem_Dim: 10, Time: 60, Op timizer: DE, Popsize: 100

, F2_CEC2022
[2957.1103515625, 3.9865782260894775, 3.9865782260894775, 3.9865782260894775, 3.9865782260894775, 3.9865782260894775, 3.9865782260894775, 3.9865782260894775, 3.9865782260894775, 3.9865782260894775, 3.9865782260894775, 3.9865782260894775, 3.9865782260894775, 3.9865782260894775, 3.9865782260894775, 3.9865782260894775, 3.9865782260894775, 3.9865782260894775, 3.9865782260894775, 3.9865782260894775, 3.9865782260894775, 3.9865782260894775, 3.9865782260894775, 3.9865782260894775, 3.9865782260894775, 3.9865782260894775, 3.9865782260894775, 3.9865782260894775, 3.9865782260894775, 3.9865782260894775, 3.9865782260894775, 3.9865782260894775, 3.9865782260894775, 3.9865782260894775, 3.9865782260894775, 3.9865782260894775, 3.9865782260894775, 3.9865782260894775, 3.9865782260894775, 3.9865782260894775, 3.9865782260894775, 3.9865782260894775, 3.9865782260894775, 3.9865782260894775, 3.9865782260894775, 3.9865782260894775, 3.9865782260894775, 3.9865782260894775, 3.9865782260894775, 3.9865782260894775, 3.9865782260894775, 3.9865782260894775, 3.9865782260894775, 3.9865782260894775, 3.9865782260894775, 3.9865782260894775, 3.9865782260894775, 3.9865782260894775, 3.9865782260894775, 3.9865782260894775, 3.9865782260894775, 3.9865782260894775, 3.9865782260894775, 3.9865782260894775, 3.9865782260894775, 3.9865782260894775, 3.9865782260894775, 3.9865782260894775, 3.9865782260894775, 3.9865782260894775, 3.9865782260894775, 3.9865782260894775, 3.9865782260894775, 3.9865782260894775, 3.9865782260894775, 3.9865782260894775, 3.9865782260894775, 3.9865782260894775, 3.9865782260894775, 3.9865782260894775, 3.9865782260894775, 3.9865782260894775, 3.9865782260894775, 3.9865782260894775, 3.9865782260894775, 3.9865782260894775, 3.9865782260894775, 3.9865782260894775, 3.9865782260894775, 3.9865782260894775, 3.9865782260894775, 3.9865782260894775, 3.9865782260894775, 3.9865782260894775, 3.9865782260894775, 3.9865782260894775, 3.9865782260894775, 3.9865782260894775, 3.9865782260894775, 3.9865782260894775]

F8_CEC2022
[117.91654968261719, 0.0, 0.0, 0.0, 0.0, 0.0, 0.0, 0.0, 0.0, 0.0, 0.0, 0.0, 0.0, 0.0, 0.0, 0.0, 0.0, 0.0, 0.0, 0.0, 0.0, 0.0, 0.0, 0.0, 0.0, 0.0, 0.0, 0.0, 0.0, 0.0, 0.0, 0.0, 0.0, 0.0, 0.0, 0.0, 0.0, 0.0, 0.0, 0.0, 0.0, 0.0, 0.0, 0.0, 0.0, 0.0, 0.0, 0.0, 0.0, 0.0, 0.0, 0.0, 0.0, 0.0, 0.0, 0.0, 0.0, 0.0, 0.0, 0.0, 0.0, 0.0, 0.0, 0.0, 0.0, 0.0, 0.0, 0.0, 0.0, 0.0, 0.0, 0.0, 0.0, 0.0, 0.0, 0.0, 0.0, 0.0, 0.0, 0.0, 0.0, 0.0, 0.0, 0.0, 0.0, 0.0, 0.0, 0.0, 0.0, 0.0, 0.0, 0.0, 0.0, 0.0, 0.0, 0.0, 0.0, 0.0, 0.0, 0.0]

F10_CEC2022
[1958.2247314453125, 100.10492706298828, 100.10492706298828, 100.10492706298828, 100.10492706298828, 100.10492706298828, 100.10492706298828, 100.10492706298828, 100.10492706298828, 100.10492706298828, 100.10492706298828, 100.10492706298828, 100.10492706298828, 100.10492706298828, 100.10492706298828, 100.10492706298828, 100.10492706298828, 100.10492706298828, 100.10492706298828, 100.10492706298828, 100.10492706298828, 100.10492706298828, 100.10492706298828, 100.10492706298828, 100.10492706298828, 100.10492706298828, 100.10492706298828, 100.10492706298828, 100.10492706298828, 100.10492706298828, 100.10492706298828, 100.10492706298828, 100.10492706298828, 100.10492706298828, 100.10492706298828, 100.10492706298828, 100.10492706298828, 100.10492706298828, 100.10492706298828, 100.10492706298828, 100.10492706298828, 100.10492706298828, 100.10492706298828, 100.10492706298828, 100.10492706298828, 100.10492706298828, 100.10492706298828, 100.10492706298828, 100.10492706298828, 100.10492706298828, 100.10492706298828, 100.10492706298828, 100.10492706298828, 100.10492706298828, 100.10492706298828, 100.10492706298828, 100.10492706298828, 100.10492706298828, 100.10492706298828, 100.10492706298828, 100.10492706298828, 100.10492706298828, 100.10492706298828, 100.10492706298828, 100.10492706298828, 100.10492706298828, 100.10492706298828, 100.10492706298828, 100.10492706298828, 100.10492706298828, 100.10492706298828, 100.10492706298828, 100.10492706298828, 100.10492706298828, 100.10492706298828, 100.10492706298828, 100.10492706298828, 100.10492706298828, 100.10492706298828, 100.10492706298828, 100.10492706298828, 100.10492706298828, 100.10492706298828, 100.10492706298828, 100.10492706298828, 100.10492706298828, 100.10492706298828, 100.10492706298828, 100.10492706298828, 100.10492706298828, 100.10492706298828, 100.10492706298828, 100.10492706298828, 100.10492706298828, 100.10492706298828, 100.10492706298828, 100.10492706298828, 100.10492706298828, 100.10492706298828, 100.10492706298828]

